-286.019865 -300.843256 -279.228504
-279.432776 -290.270700 -306.674358
-274.674874 -276.715430 -299.570950
-280.281853 -278.967693 -279.446312
-232.470300 -274.445619 -234.243873
-233.820897 -231.540370 -239.090790
-212.149035 -203.884087 -218.075559
-261.937802 -277.656908 -257.067439
-211.653911 -211.607989 -213.542254
-176.641416 -193.117017 -238.106991
-190.134838 -190.141926 -178.942918
-226.630730 -251.119142 -226.877918
-156.563239 -157.249763 -124.375181
-214.963107 -168.885474 -188.475800
-168.634176 -157.512145 -189.126655
-149.327002 -147.690793 -145.352787
-134.315778 -149.879589 -153.863167
-177.043358 -196.995656 -176.513942
-165.818484 -161.774237 -166.237939
-140.083675 -133.986399 -120.303770
-121.181582 -125.386387 -131.030449
-139.777646 -127.232560 -139.025350
-118.591822 -117.212935 -124.011306
-118.608338 -119.940276 -109.659485
-86.999931 -92.909798 -152.918413
-94.760003 -92.023307 -116.417274
-108.528366 -89.453162 -113.616647
-85.837101 -82.755663 -73.726844
-111.316509 -118.035093 -117.401438
-95.189793 -94.518415 -98.651371
-112.055220 -106.903565 -111.232916
-105.969204 -148.398960 -123.290432
-56.673291 -58.664885 -130.964039
-60.998769 -57.698708 -172.136860
-47.878904 -46.125510 -52.267999
-71.658634 -54.321509 -46.817388
-42.431361 -44.455329 -102.605630
-45.674431 -44.827575 -48.650045
-44.864071 -46.287460 -64.434937
-43.163489 -57.714093 -113.277594
-29.233231 -95.527434 -54.079306
-23.205280 -25.149720 -24.962261
-24.106346 -27.520525 -54.877302
-26.984290 -29.268390 -18.727588
-24.557153 -24.331472 -120.012401
-32.488446 -18.426666 -67.179906
-23.940029 -22.752541 -4.873830
-14.302360 -27.045227 -126.938176
-11.015194 -10.241868 -12.512105
-9.128644 -6.181253 -93.204552
-8.543235 -7.465879 -1.147009
-82.696500 -10.826129 -50.507959
0.000000 0.000000 0.000000
0.000000 0.000000 0.000000
0.000000 0.000000 0.000000
0.000000 0.000000 0.000000
-130.875175 -133.626446 -103.058234
-127.362431 -145.078882 -151.818436
-175.305406 -149.607229 -185.963815
-150.601179 -153.475217 -199.172411
-123.987935 -104.969267 -103.449821
-120.852182 -122.400526 -102.625740
-149.026127 -131.157267 -163.075035
-124.018992 -109.286955 -217.043735
-75.194857 -73.835575 -86.155071
-71.931683 -96.829770 -71.983988
-68.939019 -70.933729 -85.398710
-80.388106 -80.917037 -108.274871
-143.300794 -221.134487 -200.855224
-185.205287 -193.452618 -194.712579
-181.517578 -192.304266 -192.679334
-253.828790 -226.874579 -252.805870
-89.442230 -97.667965 -111.086275
-98.686087 -101.434902 -123.779609
-117.612136 -106.296130 -146.115912
-103.265886 -90.083484 -53.681602
-65.700919 -72.508155 -161.523858
-73.084571 -77.185235 -108.095847
-75.874195 -64.080102 -137.462456
-68.465093 -63.981833 -64.117009
-77.771337 -76.988179 -119.609229
-116.046212 -111.372147 -74.431145
-104.412975 -73.166458 -140.541780
-73.946890 -74.411336 -74.376658
-12.236387 -14.013861 -5.059981
-16.133359 -17.058700 -26.292525
-18.509187 -19.015275 -71.637553
-78.171382 -14.502129 -30.887188
-4.866565 -5.728954 -28.320742
-6.092551 -5.771785 -49.338303
-7.244350 -7.371869 -9.068083
-5.991400 -5.002934 -34.411253
0.000000 0.000000 0.000000
0.000000 0.000000 0.000000
0.000000 0.000000 0.000000
0.000000 0.000000 0.000000
